0 0.7247191011235955 0.41713483146067415 0.01544943820224719 0.014044943820224719
0 0.7275280898876404 0.40168539325842695 0.009831460674157303 0.016853932584269662
0 0.7359550561797753 0.40308988764044945 0.011235955056179775 0.014044943820224719
0 0.7120786516853933 0.3693820224719101 0.018258426966292134 0.009831460674157303
0 0.702247191011236 0.35674157303370785 0.01544943820224719 0.008426966292134831
0 0.699438202247191 0.3497191011235955 0.016853932584269662 0.011235955056179775
0 0.6460674157303371 0.36797752808988765 0.008426966292134831 0.018258426966292134
0 0.6348314606741573 0.3651685393258427 0.01544943820224719 0.011235955056179775
0 0.6502808988764045 0.3398876404494382 0.016853932584269662 0.009831460674157303
0 0.6530898876404494 0.32865168539325845 0.016853932584269662 0.014044943820224719
0 0.6165730337078652 0.35674157303370785 0.011235955056179775 0.018258426966292134
0 0.5912921348314607 0.375 0.014044943820224719 0.014044943820224719
0 0.6207865168539326 0.48735955056179775 0.01544943820224719 0.016853932584269662
0 0.6882022471910112 0.4943820224719101 0.014044943820224719 0.018258426966292134
0 0.7219101123595506 0.44803370786516855 0.01544943820224719 0.012640449438202247
0 0.75 0.47191011235955055 0.018258426966292134 0.012640449438202247
0 0.8047752808988764 0.5941011235955056 0.016853932584269662 0.012640449438202247
0 0.6924157303370787 0.5561797752808989 0.014044943820224719 0.019662921348314606
0 0.6643258426966292 0.5140449438202247 0.01544943820224719 0.014044943820224719
0 0.6179775280898876 0.5814606741573034 0.01544943820224719 0.02247191011235955
0 0.7303370786516854 0.6867977528089888 0.012640449438202247 0.019662921348314606
0 0.8202247191011236 0.8146067415730337 0.012640449438202247 0.021067415730337078
0 0.7345505617977528 0.8047752808988764 0.012640449438202247 0.016853932584269662
0 0.5674157303370787 0.8019662921348315 0.021067415730337078 0.014044943820224719
0 0.5224719101123596 0.7921348314606742 0.011235955056179775 0.019662921348314606
0 0.4859550561797753 0.827247191011236 0.014044943820224719 0.01544943820224719
0 0.4648876404494382 0.9185393258426966 0.009831460674157303 0.021067415730337078
0 0.4606741573033708 0.9452247191011236 0.014044943820224719 0.019662921348314606
0 0.42275280898876405 0.8146067415730337 0.02247191011235955 0.014044943820224719
0 0.33286516853932585 0.7303370786516854 0.019662921348314606 0.019662921348314606
0 0.4901685393258427 0.7471910112359551 0.016853932584269662 0.016853932584269662
0 0.5210674157303371 0.7570224719101124 0.018258426966292134 0.018258426966292134
0 0.5632022471910112 0.6797752808988764 0.014044943820224719 0.01544943820224719
0 0.46629213483146065 0.6530898876404494 0.019662921348314606 0.014044943820224719
0 0.43258426966292135 0.6025280898876404 0.016853932584269662 0.014044943820224719
0 0.43820224719101125 0.5856741573033708 0.009831460674157303 0.019662921348314606
0 0.4606741573033708 0.5828651685393258 0.018258426966292134 0.014044943820224719
0 0.3693820224719101 0.5491573033707865 0.012640449438202247 0.021067415730337078
0 0.4803370786516854 0.5674157303370787 0.012640449438202247 0.018258426966292134
0 0.48735955056179775 0.5814606741573034 0.016853932584269662 0.009831460674157303
0 0.526685393258427 0.5758426966292135 0.016853932584269662 0.011235955056179775
0 0.5210674157303371 0.5617977528089888 0.011235955056179775 0.016853932584269662
0 0.476123595505618 0.547752808988764 0.021067415730337078 0.009831460674157303
0 0.4887640449438202 0.5140449438202247 0.018258426966292134 0.008426966292134831
0 0.526685393258427 0.5084269662921348 0.01544943820224719 0.014044943820224719
0 0.5014044943820225 0.476123595505618 0.012640449438202247 0.01544943820224719
0 0.42275280898876405 0.4691011235955056 0.014044943820224719 0.019662921348314606
0 0.44241573033707865 0.4311797752808989 0.014044943820224719 0.01544943820224719
0 0.476123595505618 0.425561797752809 0.011235955056179775 0.018258426966292134
0 0.3693820224719101 0.4508426966292135 0.021067415730337078 0.01544943820224719
0 0.23174157303370788 0.45365168539325845 0.01544943820224719 0.016853932584269662
0 0.21769662921348315 0.526685393258427 0.018258426966292134 0.018258426966292134
0 0.2050561797752809 0.37219101123595505 0.021067415730337078 0.016853932584269662
0 0.20084269662921347 0.35814606741573035 0.021067415730337078 0.011235955056179775
0 0.34831460674157305 0.29775280898876405 0.009831460674157303 0.021067415730337078
0 0.3553370786516854 0.2907303370786517 0.009831460674157303 0.016853932584269662
0 0.3904494382022472 0.273876404494382 0.021067415730337078 0.009831460674157303
0 0.4508426966292135 0.3539325842696629 0.007022471910112359 0.018258426966292134
0 0.45365168539325845 0.3061797752808989 0.016853932584269662 0.018258426966292134
0 0.45786516853932585 0.3553370786516854 0.009831460674157303 0.016853932584269662
0 0.5126404494382022 0.4311797752808989 0.008426966292134831 0.021067415730337078
0 0.5224719101123596 0.4044943820224719 0.018258426966292134 0.012640449438202247
0 0.5196629213483146 0.42134831460674155 0.011235955056179775 0.016853932584269662
0 0.5407303370786517 0.3609550561797753 0.01544943820224719 0.014044943820224719
0 0.5308988764044944 0.3539325842696629 0.009831460674157303 0.014044943820224719
0 0.5463483146067416 0.35252808988764045 0.016853932584269662 0.008426966292134831
0 0.5280898876404494 0.3146067415730337 0.009831460674157303 0.018258426966292134
0 0.47752808988764045 0.25702247191011235 0.012640449438202247 0.014044943820224719
0 0.49719101123595505 0.24157303370786518 0.01544943820224719 0.009831460674157303
0 0.48174157303370785 0.24859550561797752 0.012640449438202247 0.018258426966292134
0 0.5702247191011236 0.2303370786516854 0.01544943820224719 0.014044943820224719
0 0.5814606741573034 0.23876404494382023 0.016853932584269662 0.012640449438202247
0 0.5646067415730337 0.273876404494382 0.012640449438202247 0.016853932584269662
0 0.5575842696629213 0.27808988764044945 0.011235955056179775 0.01544943820224719
0 0.547752808988764 0.28370786516853935 0.016853932584269662 0.009831460674157303
0 0.5674157303370787 0.324438202247191 0.011235955056179775 0.016853932584269662
0 0.5786516853932584 0.3539325842696629 0.012640449438202247 0.018258426966292134
0 0.550561797752809 0.3356741573033708 0.011235955056179775 0.012640449438202247
0 0.5337078651685393 0.3061797752808989 0.011235955056179775 0.01544943820224719
0 0.5603932584269663 0.33286516853932585 0.009831460674157303 0.01544943820224719
0 0.6207865168539326 0.2612359550561798 0.016853932584269662 0.007022471910112359
0 0.726123595505618 0.28651685393258425 0.011235955056179775 0.016853932584269662
0 0.7387640449438202 0.2640449438202247 0.009831460674157303 0.01544943820224719
0 0.41853932584269665 0.10393258426966293 0.011235955056179775 0.016853932584269662
0 0.4297752808988764 0.0898876404494382 0.011235955056179775 0.018258426966292134
0 0.42696629213483145 0.12780898876404495 0.011235955056179775 0.021067415730337078
0 0.41853932584269665 0.1699438202247191 0.014044943820224719 0.014044943820224719
0 0.3946629213483146 0.1601123595505618 0.011235955056179775 0.014044943820224719
0 0.38764044943820225 0.17415730337078653 0.016853932584269662 0.014044943820224719
0 0.5252808988764045 0.0997191011235955 0.018258426966292134 0.009831460674157303
0 0.5926966292134831 0.13623595505617977 0.012640449438202247 0.01544943820224719