0 0.7050561797752809 0.28651685393258425 0.023876404494382022 0.023876404494382022
0 0.7794943820224719 0.4845505617977528 0.023876404494382022 0.021067415730337078
0 0.8258426966292135 0.5337078651685393 0.018258426966292134 0.023876404494382022
0 0.925561797752809 0.526685393258427 0.016853932584269662 0.02247191011235955
0 0.8890449438202247 0.5814606741573034 0.02247191011235955 0.016853932584269662
0 0.8441011235955056 0.5856741573033708 0.016853932584269662 0.019662921348314606
0 0.8202247191011236 0.5758426966292135 0.011235955056179775 0.018258426966292134
0 0.7949438202247191 0.577247191011236 0.01544943820224719 0.016853932584269662
0 0.8469101123595506 0.6165730337078652 0.018258426966292134 0.01544943820224719
0 0.8075842696629213 0.648876404494382 0.021067415730337078 0.014044943820224719
0 0.8707865168539326 0.6811797752808989 0.018258426966292134 0.016853932584269662
0 0.8721910112359551 0.7050561797752809 0.018258426966292134 0.01544943820224719
0 0.7191011235955056 0.6685393258426966 0.011235955056179775 0.019662921348314606
0 0.6811797752808989 0.6643258426966292 0.014044943820224719 0.01544943820224719
0 0.6783707865168539 0.702247191011236 0.018258426966292134 0.012640449438202247
0 0.6418539325842697 0.6685393258426966 0.016853932584269662 0.011235955056179775
0 0.6348314606741573 0.6867977528089888 0.018258426966292134 0.011235955056179775
0 0.625 0.6165730337078652 0.014044943820224719 0.016853932584269662
0 0.7289325842696629 0.6306179775280899 0.018258426966292134 0.011235955056179775
0 0.7191011235955056 0.6151685393258427 0.01544943820224719 0.01544943820224719
0 0.7514044943820225 0.5969101123595506 0.01544943820224719 0.018258426966292134
0 0.7148876404494382 0.598314606741573 0.016853932584269662 0.012640449438202247
0 0.6811797752808989 0.5884831460674157 0.01544943820224719 0.008426966292134831
0 0.6952247191011236 0.5716292134831461 0.018258426966292134 0.009831460674157303
0 0.6896067415730337 0.5547752808988764 0.016853932584269662 0.012640449438202247
0 0.7219101123595506 0.5646067415730337 0.011235955056179775 0.019662921348314606
0 0.7415730337078652 0.550561797752809 0.012640449438202247 0.018258426966292134
0 0.6713483146067416 0.5800561797752809 0.018258426966292134 0.011235955056179775
0 0.6264044943820225 0.5884831460674157 0.01544943820224719 0.012640449438202247
0 0.6067415730337079 0.5884831460674157 0.016853932584269662 0.009831460674157303
0 0.6235955056179775 0.5561797752808989 0.019662921348314606 0.014044943820224719
0 0.574438202247191 0.5533707865168539 0.008426966292134831 0.019662921348314606
0 0.5561797752808989 0.5716292134831461 0.018258426966292134 0.012640449438202247
0 0.5646067415730337 0.6039325842696629 0.011235955056179775 0.016853932584269662
0 0.5421348314606742 0.6123595505617978 0.011235955056179775 0.019662921348314606
0 0.5491573033707865 0.6404494382022472 0.01544943820224719 0.011235955056179775
0 0.5421348314606742 0.6629213483146067 0.014044943820224719 0.014044943820224719
0 0.5463483146067416 0.6797752808988764 0.018258426966292134 0.012640449438202247
0 0.5519662921348315 0.699438202247191 0.009831460674157303 0.016853932584269662
0 0.5688202247191011 0.726123595505618 0.016853932584269662 0.01544943820224719
0 0.5294943820224719 0.6924157303370787 0.018258426966292134 0.014044943820224719
0 0.5196629213483146 0.7106741573033708 0.01544943820224719 0.012640449438202247
0 0.5182584269662921 0.6530898876404494 0.01544943820224719 0.014044943820224719
0 0.5056179775280899 0.6376404494382022 0.008426966292134831 0.018258426966292134
0 0.4943820224719101 0.6404494382022472 0.011235955056179775 0.018258426966292134
0 0.449438202247191 0.6474719101123596 0.011235955056179775 0.018258426966292134
0 0.5112359550561798 0.6109550561797753 0.014044943820224719 0.008426966292134831
0 0.5140449438202247 0.5856741573033708 0.016853932584269662 0.016853932584269662
0 0.5393258426966292 0.5702247191011236 0.012640449438202247 0.014044943820224719
0 0.5463483146067416 0.547752808988764 0.009831460674157303 0.016853932584269662
0 0.5533707865168539 0.523876404494382 0.016853932584269662 0.01544943820224719
0 0.6179775280898876 0.5084269662921348 0.014044943820224719 0.018258426966292134
0 0.6783707865168539 0.5084269662921348 0.014044943820224719 0.016853932584269662
0 0.6502808988764045 0.476123595505618 0.018258426966292134 0.02247191011235955
0 0.6853932584269663 0.4297752808988764 0.02247191011235955 0.014044943820224719
0 0.5800561797752809 0.3707865168539326 0.019662921348314606 0.021067415730337078
0 0.5210674157303371 0.4353932584269663 0.01544943820224719 0.021067415730337078
0 0.48174157303370785 0.41853932584269665 0.012640449438202247 0.019662921348314606
0 0.49297752808988765 0.4901685393258427 0.01544943820224719 0.019662921348314606
0 0.4943820224719101 0.5308988764044944 0.018258426966292134 0.018258426966292134
0 0.526685393258427 0.5632022471910112 0.016853932584269662 0.011235955056179775
0 0.45646067415730335 0.5 0.01544943820224719 0.021067415730337078
0 0.42837078651685395 0.42837078651685395 0.012640449438202247 0.019662921348314606
0 0.3637640449438202 0.4353932584269663 0.02247191011235955 0.011235955056179775
0 0.4438202247191011 0.5421348314606742 0.016853932584269662 0.01544943820224719
0 0.3441011235955056 0.5210674157303371 0.018258426966292134 0.016853932584269662
0 0.4353932584269663 0.5519662921348315 0.016853932584269662 0.012640449438202247
0 0.41853932584269665 0.5674157303370787 0.009831460674157303 0.018258426966292134
0 0.4311797752808989 0.5730337078651685 0.01544943820224719 0.016853932584269662
0 0.4157303370786517 0.5926966292134831 0.01544943820224719 0.018258426966292134
0 0.3637640449438202 0.5561797752808989 0.018258426966292134 0.011235955056179775
0 0.3398876404494382 0.5519662921348315 0.01544943820224719 0.011235955056179775
0 0.4887640449438202 0.30758426966292135 0.02247191011235955 0.012640449438202247
0 0.35674157303370785 0.3356741573033708 0.016853932584269662 0.018258426966292134
0 0.33146067415730335 0.3103932584269663 0.018258426966292134 0.018258426966292134
0 0.21910112359550563 0.37640449438202245 0.02247191011235955 0.01544943820224719
0 0.18398876404494383 0.3342696629213483 0.014044943820224719 0.021067415730337078
0 0.25702247191011235 0.5351123595505618 0.021067415730337078 0.012640449438202247
0 0.28651685393258425 0.5547752808988764 0.016853932584269662 0.018258426966292134
0 0.29634831460674155 0.5786516853932584 0.019662921348314606 0.014044943820224719
0 0.3300561797752809 0.577247191011236 0.016853932584269662 0.014044943820224719
0 0.3609550561797753 0.577247191011236 0.019662921348314606 0.012640449438202247
0 0.39747191011235955 0.5884831460674157 0.016853932584269662 0.011235955056179775
0 0.449438202247191 0.6109550561797753 0.01544943820224719 0.012640449438202247
0 0.398876404494382 0.6123595505617978 0.018258426966292134 0.012640449438202247
0 0.42696629213483145 0.6179775280898876 0.018258426966292134 0.011235955056179775
0 0.4311797752808989 0.6306179775280899 0.019662921348314606 0.009831460674157303
0 0.3356741573033708 0.598314606741573 0.018258426966292134 0.014044943820224719
0 0.3202247191011236 0.6643258426966292 0.01544943820224719 0.018258426966292134
0 0.3609550561797753 0.6544943820224719 0.018258426966292134 0.009831460674157303
0 0.3539325842696629 0.6615168539325843 0.018258426966292134 0.012640449438202247
0 0.4101123595505618 0.675561797752809 0.01544943820224719 0.01544943820224719
0 0.398876404494382 0.6966292134831461 0.019662921348314606 0.012640449438202247
0 0.42837078651685395 0.7176966292134831 0.016853932584269662 0.011235955056179775
0 0.42837078651685395 0.7331460674157303 0.01544943820224719 0.016853932584269662
0 0.4101123595505618 0.7682584269662921 0.014044943820224719 0.018258426966292134
0 0.3693820224719101 0.7162921348314607 0.012640449438202247 0.016853932584269662
0 0.34831460674157305 0.6980337078651685 0.01544943820224719 0.019662921348314606
0 0.351123595505618 0.7191011235955056 0.018258426966292134 0.014044943820224719
0 0.18820224719101122 0.5491573033707865 0.018258426966292134 0.014044943820224719
0 0.17415730337078653 0.526685393258427 0.016853932584269662 0.01544943820224719
0 0.08146067415730338 0.5154494382022472 0.021067415730337078 0.016853932584269662