0 0.07162921348314606 0.7106741573033708 0.028089887640449437 0.014044943820224719
0 0.3398876404494382 0.7106741573033708 0.016853932584269662 0.025280898876404494
0 0.42275280898876405 0.7528089887640449 0.018258426966292134 0.025280898876404494
0 0.42837078651685395 0.6924157303370787 0.018258426966292134 0.025280898876404494
0 0.3848314606741573 0.6643258426966292 0.02247191011235955 0.02247191011235955
0 0.4058988764044944 0.6306179775280899 0.023876404494382022 0.018258426966292134
0 0.3904494382022472 0.5814606741573034 0.018258426966292134 0.026685393258426966
0 0.4438202247191011 0.5716292134831461 0.018258426966292134 0.021067415730337078
0 0.49859550561797755 0.6053370786516854 0.025280898876404494 0.01544943820224719
0 0.5252808988764045 0.5828651685393258 0.023876404494382022 0.014044943820224719
0 0.5323033707865169 0.5955056179775281 0.019662921348314606 0.014044943820224719
0 0.6067415730337079 0.5898876404494382 0.023876404494382022 0.01544943820224719
0 0.5323033707865169 0.6938202247191011 0.021067415730337078 0.019662921348314606
0 0.5617977528089888 0.7176966292134831 0.02247191011235955 0.018258426966292134
0 0.5519662921348315 0.75 0.02247191011235955 0.018258426966292134
0 0.6446629213483146 0.7008426966292135 0.021067415730337078 0.02247191011235955
0 0.6671348314606742 0.7064606741573034 0.02247191011235955 0.018258426966292134
0 0.8637640449438202 0.6811797752808989 0.023876404494382022 0.02247191011235955
0 0.8033707865168539 0.5828651685393258 0.02247191011235955 0.019662921348314606
0 0.8160112359550562 0.5660112359550562 0.025280898876404494 0.014044943820224719
0 0.8820224719101124 0.5098314606741573 0.021067415730337078 0.025280898876404494
0 0.8525280898876404 0.5140449438202247 0.023876404494382022 0.021067415730337078
0 0.8160112359550562 0.5084269662921348 0.019662921348314606 0.02247191011235955
0 0.7584269662921348 0.5463483146067416 0.016853932584269662 0.02247191011235955
0 0.7275280898876404 0.5323033707865169 0.01544943820224719 0.021067415730337078
0 0.7162921348314607 0.5435393258426966 0.016853932584269662 0.021067415730337078
0 0.6587078651685393 0.5098314606741573 0.02247191011235955 0.016853932584269662
0 0.6558988764044944 0.49297752808988765 0.02247191011235955 0.01544943820224719
0 0.6348314606741573 0.5014044943820225 0.019662921348314606 0.009831460674157303
0 0.5449438202247191 0.5056179775280899 0.023876404494382022 0.019662921348314606
0 0.5688202247191011 0.45786516853932585 0.028089887640449437 0.01544943820224719
0 0.523876404494382 0.4648876404494382 0.02247191011235955 0.01544943820224719
0 0.49719101123595505 0.4353932584269663 0.023876404494382022 0.019662921348314606
0 0.4438202247191011 0.4592696629213483 0.01544943820224719 0.025280898876404494
0 0.44662921348314605 0.49157303370786515 0.01544943820224719 0.02247191011235955
0 0.46769662921348315 0.5014044943820225 0.018258426966292134 0.021067415730337078
0 0.3595505617977528 0.38202247191011235 0.023876404494382022 0.018258426966292134
0 0.2556179775280899 0.4311797752808989 0.026685393258426966 0.02247191011235955
0 0.24578651685393257 0.3848314606741573 0.018258426966292134 0.028089887640449437
0 0.18820224719101122 0.33848314606741575 0.026685393258426966 0.02247191011235955
0 0.34691011235955055 0.2640449438202247 0.025280898876404494 0.021067415730337078
0 0.6137640449438202 0.40870786516853935 0.019662921348314606 0.025280898876404494
0 0.6418539325842697 0.35252808988764045 0.02247191011235955 0.025280898876404494
0 0.6896067415730337 0.38764044943820225 0.019662921348314606 0.028089887640449437
0 0.7485955056179775 0.42837078651685395 0.026685393258426966 0.026685393258426966
0 0.7823033707865169 0.41151685393258425 0.02247191011235955 0.019662921348314606
0 0.8286516853932584 0.3848314606741573 0.023876404494382022 0.019662921348314606
0 0.9269662921348315 0.29775280898876405 0.018258426966292134 0.028089887640449437