0 0.4058988764044944 0.26685393258426965 0.021067415730337078 0.014044943820224719
0 0.3946629213483146 0.28370786516853935 0.019662921348314606 0.016853932584269662
0 0.36797752808988765 0.24157303370786518 0.014044943820224719 0.019662921348314606
0 0.375 0.2205056179775281 0.019662921348314606 0.014044943820224719
0 0.4648876404494382 0.21769662921348315 0.019662921348314606 0.018258426966292134
0 0.398876404494382 0.175561797752809 0.016853932584269662 0.016853932584269662
0 0.5308988764044944 0.25140449438202245 0.018258426966292134 0.021067415730337078
0 0.5786516853932584 0.19803370786516855 0.019662921348314606 0.018258426966292134
0 0.6418539325842697 0.13202247191011235 0.019662921348314606 0.021067415730337078
0 0.7106741573033708 0.3356741573033708 0.016853932584269662 0.019662921348314606
0 0.574438202247191 0.3960674157303371 0.019662921348314606 0.018258426966292134
0 0.30196629213483145 0.3146067415730337 0.021067415730337078 0.01544943820224719
0 0.47191011235955055 0.398876404494382 0.01544943820224719 0.021067415730337078
0 0.45646067415730335 0.4058988764044944 0.012640449438202247 0.021067415730337078
0 0.5 0.4199438202247191 0.018258426966292134 0.014044943820224719
0 0.6811797752808989 0.02247191011235955 0.012640449438202247 0.01544943820224719
0 0.7345505617977528 0.5126404494382022 0.011235955056179775 0.019662921348314606
0 0.7429775280898876 0.5800561797752809 0.021067415730337078 0.014044943820224719
0 0.7120786516853933 0.651685393258427 0.02247191011235955 0.014044943820224719
0 0.5660112359550562 0.5561797752808989 0.02247191011235955 0.01544943820224719
0 0.6235955056179775 0.48735955056179775 0.02247191011235955 0.012640449438202247
0 0.44803370786516855 0.47752808988764045 0.018258426966292134 0.016853932584269662
0 0.20926966292134833 0.42696629213483145 0.018258426966292134 0.023876404494382022
0 0.3258426966292135 0.44662921348314605 0.01544943820224719 0.019662921348314606
0 0.13342696629213482 0.4901685393258427 0.016853932584269662 0.019662921348314606
0 0.34269662921348315 0.5716292134831461 0.02949438202247191 0.018258426966292134
0 0.3693820224719101 0.523876404494382 0.01544943820224719 0.02247191011235955
0 0.31741573033707865 0.5969101123595506 0.014044943820224719 0.023876404494382022
0 0.25 0.6474719101123596 0.01544943820224719 0.028089887640449437
0 0.38202247191011235 0.675561797752809 0.019662921348314606 0.025280898876404494
0 0.40870786516853935 0.5870786516853933 0.02247191011235955 0.016853932584269662
0 0.41713483146067415 0.5702247191011236 0.019662921348314606 0.01544943820224719
0 0.4311797752808989 0.5941011235955056 0.011235955056179775 0.021067415730337078
0 0.44803370786516855 0.6221910112359551 0.014044943820224719 0.021067415730337078
0 0.4747191011235955 0.6404494382022472 0.01544943820224719 0.021067415730337078
0 0.5028089887640449 0.6460674157303371 0.02247191011235955 0.02247191011235955
0 0.5323033707865169 0.6179775280898876 0.019662921348314606 0.01544943820224719
0 0.5196629213483146 0.5828651685393258 0.026685393258426966 0.018258426966292134
0 0.3553370786516854 0.6966292134831461 0.02247191011235955 0.018258426966292134
0 0.33146067415730335 0.7219101123595506 0.014044943820224719 0.028089887640449437
0 0.3398876404494382 0.773876404494382 0.02247191011235955 0.019662921348314606
0 0.5056179775280899 0.7542134831460674 0.021067415730337078 0.018258426966292134
0 0.4648876404494382 0.7387640449438202 0.02247191011235955 0.018258426966292134
0 0.6699438202247191 0.8876404494382022 0.023876404494382022 0.01544943820224719
0 0.7078651685393258 0.8497191011235955 0.026685393258426966 0.014044943820224719
0 0.7949438202247191 0.8651685393258427 0.021067415730337078 0.021067415730337078