0 0.7808988764044944 0.6643258426966292 0.023876404494382022 0.021067415730337078
0 0.9087078651685393 0.2710674157303371 0.026685393258426966 0.018258426966292134
0 0.7205056179775281 0.6165730337078652 0.01544943820224719 0.025280898876404494
0 0.7106741573033708 0.5674157303370787 0.025280898876404494 0.023876404494382022
0 0.6039325842696629 0.6179775280898876 0.028089887640449437 0.01544943820224719
0 0.6165730337078652 0.7401685393258427 0.021067415730337078 0.019662921348314606
0 0.32162921348314605 0.6502808988764045 0.019662921348314606 0.019662921348314606
0 0.05056179775280899 0.7050561797752809 0.016853932584269662 0.016853932584269662
0 0.14185393258426968 0.6207865168539326 0.018258426966292134 0.012640449438202247
0 0.18820224719101122 0.5941011235955056 0.018258426966292134 0.014044943820224719
0 0.21629213483146068 0.5786516853932584 0.018258426966292134 0.019662921348314606
0 0.27668539325842695 0.6151685393258427 0.01544943820224719 0.019662921348314606
0 0.3497191011235955 0.5941011235955056 0.018258426966292134 0.018258426966292134
0 0.3946629213483146 0.5449438202247191 0.02247191011235955 0.012640449438202247
0 0.43820224719101125 0.5351123595505618 0.02247191011235955 0.014044943820224719
0 0.4648876404494382 0.5646067415730337 0.018258426966292134 0.019662921348314606
0 0.5196629213483146 0.5421348314606742 0.012640449438202247 0.025280898876404494
0 0.5154494382022472 0.5070224719101124 0.014044943820224719 0.023876404494382022
0 0.4957865168539326 0.49859550561797755 0.016853932584269662 0.019662921348314606
0 0.41713483146067415 0.4957865168539326 0.016853932584269662 0.018258426966292134
0 0.32865168539325845 0.5 0.019662921348314606 0.011235955056179775
0 0.3047752808988764 0.49297752808988765 0.019662921348314606 0.012640449438202247
0 0.3089887640449438 0.5098314606741573 0.016853932584269662 0.016853932584269662
0 0.23595505617977527 0.47191011235955055 0.009831460674157303 0.02247191011235955
0 0.24859550561797752 0.4606741573033708 0.014044943820224719 0.02247191011235955
0 0.2050561797752809 0.45786516853932585 0.012640449438202247 0.019662921348314606
0 0.16432584269662923 0.42275280898876405 0.016853932584269662 0.01544943820224719
0 0.1502808988764045 0.4396067415730337 0.019662921348314606 0.011235955056179775
0 0.15308988764044945 0.4957865168539326 0.01544943820224719 0.021067415730337078
0 0.11797752808988764 0.49297752808988765 0.019662921348314606 0.01544943820224719
0 0.0898876404494382 0.49859550561797755 0.014044943820224719 0.02247191011235955
0 0.3539325842696629 0.4101123595505618 0.021067415730337078 0.012640449438202247
0 0.351123595505618 0.3862359550561798 0.016853932584269662 0.019662921348314606
0 0.4452247191011236 0.4199438202247191 0.02247191011235955 0.011235955056179775
0 0.46207865168539325 0.39325842696629215 0.02247191011235955 0.01544943820224719
0 0.5196629213483146 0.425561797752809 0.018258426966292134 0.018258426966292134
0 0.5716292134831461 0.4157303370786517 0.016853932584269662 0.023876404494382022
0 0.5561797752808989 0.36657303370786515 0.02247191011235955 0.018258426966292134
0 0.5800561797752809 0.3300561797752809 0.021067415730337078 0.016853932584269662
0 0.6235955056179775 0.2808988764044944 0.016853932584269662 0.019662921348314606
0 0.5337078651685393 0.300561797752809 0.016853932584269662 0.02247191011235955
0 0.4297752808988764 0.30196629213483145 0.018258426966292134 0.018258426966292134
0 0.3960674157303371 0.27808988764044945 0.021067415730337078 0.016853932584269662
0 0.5365168539325843 0.23876404494382023 0.021067415730337078 0.021067415730337078
0 0.40730337078651685 0.24578651685393257 0.019662921348314606 0.019662921348314606
0 0.3160112359550562 0.300561797752809 0.01544943820224719 0.018258426966292134
0 0.29353932584269665 0.2949438202247191 0.021067415730337078 0.021067415730337078
0 0.10393258426966293 0.3258426966292135 0.019662921348314606 0.016853932584269662