0 0.620042804775281 0.3544519199438202 0.6201471278089887 0.34263074016853934 0.6095114901685393 0.3358151643258427 0.606678488764045 0.34983133146067413 0.6074125941011236 0.3514364494382023 0.6112620786516854 0.3620265266853932 0.620042804775281 0.3544519199438202
0 0.5997269424157303 0.3325221811797753 0.5992483089887641 0.34593737359550564 0.6087655603932585 0.34379383146067416 0.6097143932584269 0.3376130224719101 0.5997269424157303 0.3325221811797753
0 0.6139325800561798 0.3273663230337079 0.6105218904494382 0.31743685393258425 0.6025950126404495 0.3161218356741573 0.6007008061797753 0.3155569831460674 0.6015798188202247 0.31584629073033704 0.6016077654494382 0.32950770505617977 0.6071977303370787 0.3365242303370787 0.6138403314606741 0.33641984831460675 0.6139325800561798 0.3273663230337079
0 0.4943820224719101 0.23595505617977527 0.011235955056179775 0.019662921348314606
0 0.3707865168539326 0.34691011235955055 0.02247191011235955 0.011235955056179775
0 0.27808988764044945 0.29634831460674155 0.016853932584269662 0.016853932584269662
0 0.2696629213483146 0.351123595505618 0.012640449438202247 0.021067415730337078
0 0.22612359550561797 0.39185393258426965 0.011235955056179775 0.019662921348314606
0 0.3441011235955056 0.41151685393258425 0.018258426966292134 0.014044943820224719
0 0.2050561797752809 0.43258426966292135 0.018258426966292134 0.018258426966292134
0 0.2345505617977528 0.46769662921348315 0.014044943820224719 0.021067415730337078
0 0.27247191011235955 0.46629213483146065 0.018258426966292134 0.018258426966292134
0 0.30758426966292135 0.45786516853932585 0.014044943820224719 0.016853932584269662
0 0.324438202247191 0.4648876404494382 0.021067415730337078 0.01544943820224719
0 0.3693820224719101 0.5070224719101124 0.012640449438202247 0.019662921348314606
0 0.3960674157303371 0.4957865168539326 0.011235955056179775 0.02247191011235955
0 0.4058988764044944 0.5280898876404494 0.02247191011235955 0.011235955056179775
0 0.45224719101123595 0.5014044943820225 0.018258426966292134 0.018258426966292134
0 0.4803370786516854 0.5070224719101124 0.019662921348314606 0.01544943820224719
0 0.5533707865168539 0.5 0.014044943820224719 0.018258426966292134
0 0.6039325842696629 0.5308988764044944 0.012640449438202247 0.021067415730337078
0 0.5435393258426966 0.523876404494382 0.01544943820224719 0.018258426966292134
0 0.5519662921348315 0.5365168539325843 0.014044943820224719 0.016853932584269662
0 0.4648876404494382 0.547752808988764 0.016853932584269662 0.02247191011235955
0 0.5463483146067416 0.5758426966292135 0.018258426966292134 0.021067415730337078
0 0.5786516853932584 0.577247191011236 0.02247191011235955 0.014044943820224719
0 0.601123595505618 0.6193820224719101 0.018258426966292134 0.021067415730337078
0 0.6320224719101124 0.5828651685393258 0.021067415730337078 0.016853932584269662
0 0.6713483146067416 0.5533707865168539 0.016853932584269662 0.014044943820224719
0 0.6853932584269663 0.5814606741573034 0.018258426966292134 0.019662921348314606
0 0.7485955056179775 0.625 0.018258426966292134 0.019662921348314606
0 0.75 0.773876404494382 0.019662921348314606 0.025280898876404494
0 0.523876404494382 0.6207865168539326 0.021067415730337078 0.021067415730337078
0 0.44803370786516855 0.7471910112359551 0.025280898876404494 0.016853932584269662
0 0.20365168539325842 0.726123595505618 0.02949438202247191 0.01544943820224719
0 0.22331460674157302 0.5112359550561798 0.023876404494382022 0.01544943820224719
0 0.23876404494382023 0.5393258426966292 0.018258426966292134 0.008426966292134831
0 0.2345505617977528 0.547752808988764 0.019662921348314606 0.009831460674157303