0 0.19382022471910113 0.2148876404494382 0.11095505617977527 0.07724719101123595
0 0.3398876404494382 0.4058988764044944 0.1151685393258427 0.05898876404494382
0 0.7837078651685393 0.3792134831460674 0.11095505617977527 0.06460674157303371
0 0.8160112359550562 0.5828651685393258 0.10955056179775281 0.05898876404494382
0 0.5926966292134831 0.6404494382022472 0.09410112359550561 0.09691011235955056
0 0.425561797752809 0.5884831460674157 0.09550561797752809 0.09831460674157304
0 0.26685393258426965 0.5112359550561798 0.08286516853932584 0.1151685393258427
0 0.16432584269662923 0.47752808988764045 0.11797752808988764 0.056179775280898875
0 0.7823033707865169 0.6348314606741573 0.12219101123595505 0.056179775280898875
0 0.9676966292134831 0.5786516853932584 0.06460674157303371 0.06460674157303371
0 0.9648876404494382 0.6376404494382022 0.06882022471910113 0.07865168539325842
0 0.8623595505617978 0.6671348314606742 0.0702247191011236 0.10814606741573034
0 0.9157303370786517 0.6601123595505618 0.06179775280898876 0.10112359550561797
0 0.9550561797752809 0.699438202247191 0.060393258426966294 0.10674157303370786
0 0.9115168539325843 0.7429775280898876 0.11376404494382023 0.08146067415730338
0 0.8553370786516854 0.773876404494382 0.10112359550561797 0.06320224719101124
0 0.7443820224719101 0.7303370786516854 0.10112359550561797 0.08848314606741572
0 0.675561797752809 0.7612359550561798 0.07162921348314606 0.10674157303370786
0 0.6432584269662921 0.8469101123595506 0.1151685393258427 0.06460674157303371
0 0.7921348314606742 0.9143258426966292 0.054775280898876406 0.11797752808988764
0 0.41853932584269665 0.8160112359550562 0.125 0.060393258426966294
0 0.36235955056179775 0.7598314606741573 0.054775280898876406 0.10674157303370786
0 0.30758426966292135 0.7275280898876404 0.06741573033707865 0.10814606741573034
0 0.21067415730337077 0.7092696629213483 0.0898876404494382 0.10533707865168539
0 0.047752808988764044 0.7289325842696629 0.08146067415730338 0.10393258426966293
0 0.13623595505617977 0.7724719101123596 0.06741573033707865 0.09691011235955056
0 0.0997191011235955 0.797752808988764 0.06882022471910113 0.10814606741573034
0 0.20084269662921347 0.8497191011235955 0.08146067415730338 0.09831460674157304
0 0.23735955056179775 0.8174157303370787 0.07443820224719101 0.09691011235955056
0 0.2893258426966292 0.8075842696629213 0.08426966292134831 0.08848314606741572
0 0.25702247191011235 0.9241573033707865 0.0449438202247191 0.11938202247191011
0 0.1896067415730337 0.9480337078651685 0.08848314606741572 0.08426966292134831
0 0.32724719101123595 0.8778089887640449 0.08426966292134831 0.08146067415730338
0 0.5814606741573034 0.9691011235955056 0.08707865168539326 0.06179775280898876
0 0.8539325842696629 0.8792134831460674 0.10112359550561797 0.08286516853932584
0 0.9452247191011236 0.8707865168539326 0.10814606741573034 0.056179775280898875
0 0.9634831460674157 0.925561797752809 0.07162921348314606 0.0898876404494382
0 0.8651685393258427 0.9353932584269663 0.11095505617977527 0.060393258426966294
0 0.8806179775280899 0.9789325842696629 0.11797752808988764 0.04073033707865169