0 0.8216292134831461 0.08848314606741572 0.11235955056179775 0.09831460674157304
0 0.7724719101123596 0.43820224719101125 0.07443820224719101 0.09691011235955056
0 0.9375 0.7169943820224719 0.125 0.08286516853932584
0 0.949438202247191 0.8202247191011236 0.0997191011235955 0.06320224719101124
0 0.952247191011236 0.8792134831460674 0.09410112359550561 0.07162921348314606
0 0.898876404494382 0.9325842696629213 0.11095505617977527 0.06601123595505617
0 0.7148876404494382 0.9606741573033708 0.10533707865168539 0.07865168539325842
0 0.7092696629213483 0.8033707865168539 0.0997191011235955 0.09410112359550561
0 0.6966292134831461 0.8651685393258427 0.07584269662921349 0.09691011235955056
0 0.6306179775280899 0.8342696629213483 0.06741573033707865 0.11235955056179775
0 0.5449438202247191 0.8146067415730337 0.05758426966292135 0.12219101123595505
0 0.3455056179775281 0.9424157303370787 0.056179775280898875 0.10533707865168539
0 0.4044943820224719 0.9508426966292135 0.054775280898876406 0.09831460674157304