0 0.3497191011235955 0.9129213483146067 0.06460674157303371 0.13202247191011235
0 0.2949438202247191 0.922752808988764 0.07162921348314606 0.12640449438202248
0 0.16573033707865167 0.7780898876404494 0.08707865168539326 0.12078651685393259
0 0.1896067415730337 0.7275280898876404 0.10955056179775281 0.09691011235955056
0 0.19382022471910113 0.6418539325842697 0.125 0.047752808988764044
0 0.17275280898876405 0.5688202247191011 0.10393258426966293 0.06741573033707865
0 0.18258426966292135 0.046348314606741575 0.11657303370786516 0.0898876404494382
0 0.08707865168539326 0.0449438202247191 0.11797752808988764 0.060393258426966294
0 0.0800561797752809 0.11938202247191011 0.10814606741573034 0.10955056179775281
0 0.19803370786516855 0.15870786516853932 0.1404494382022472 0.06320224719101124
0 0.1544943820224719 0.10112359550561797 0.11797752808988764 0.06601123595505617
0 0.324438202247191 0.199438202247191 0.060393258426966294 0.11657303370786516
0 0.4339887640449438 0.3061797752808989 0.08707865168539326 0.12640449438202248
0 0.21910112359550563 0.2696629213483146 0.11095505617977527 0.06601123595505617
0 0.0800561797752809 0.21769662921348315 0.07162921348314606 0.1151685393258427
0 0.1544943820224719 0.3455056179775281 0.0997191011235955 0.08567415730337079
0 0.05337078651685393 0.35674157303370785 0.09269662921348315 0.10955056179775281
0 0.08426966292134831 0.40308988764044945 0.0898876404494382 0.10674157303370786
0 0.0997191011235955 0.46348314606741575 0.10955056179775281 0.10252808988764045
0 0.12640449438202248 0.5280898876404494 0.12359550561797752 0.05758426966292135
0 0.19241573033707865 0.4592696629213483 0.060393258426966294 0.11235955056179775
0 0.32303370786516855 0.6039325842696629 0.08707865168539326 0.10674157303370786
0 0.28230337078651685 0.48174157303370785 0.10112359550561797 0.0997191011235955
0 0.3300561797752809 0.49719101123595505 0.09410112359550561 0.09129213483146068
0 0.4058988764044944 0.43820224719101125 0.07724719101123595 0.11938202247191011
0 0.3862359550561798 0.5603932584269663 0.06882022471910113 0.13904494382022473
0 0.4648876404494382 0.5800561797752809 0.0997191011235955 0.08567415730337079
0 0.4859550561797753 0.4957865168539326 0.08146067415730338 0.11376404494382023
0 0.5379213483146067 0.5308988764044944 0.08567415730337079 0.11376404494382023
0 0.5337078651685393 0.6615168539325843 0.08426966292134831 0.12078651685393259
0 0.523876404494382 0.7331460674157303 0.10814606741573034 0.08146067415730338
0 0.574438202247191 0.6053370786516854 0.06741573033707865 0.12921348314606743
0 0.6067415730337079 0.7401685393258427 0.06741573033707865 0.12078651685393259
0 0.6390449438202247 0.8075842696629213 0.13202247191011235 0.07865168539325842
0 0.6713483146067416 0.7008426966292135 0.05337078651685393 0.12219101123595505
0 0.6811797752808989 0.5617977528089888 0.09550561797752809 0.09550561797752809
0 0.6446629213483146 0.5252808988764045 0.10112359550561797 0.08286516853932584
0 0.6544943820224719 0.4606741573033708 0.10955056179775281 0.07162921348314606
0 0.7514044943820225 0.5196629213483146 0.07584269662921349 0.12640449438202248
0 0.9705056179775281 0.5730337078651685 0.05898876404494382 0.09831460674157304
0 0.9606741573033708 0.7036516853932584 0.07724719101123595 0.08567415730337079
0 0.976123595505618 0.648876404494382 0.046348314606741575 0.07303370786516854
0 0.625 0.4143258426966292 0.11938202247191011 0.07865168539325842
0 0.5884831460674157 0.3693820224719101 0.11797752808988764 0.09269662921348315
0 0.550561797752809 0.2640449438202247 0.09410112359550561 0.09550561797752809
0 0.5575842696629213 0.1952247191011236 0.07584269662921349 0.11797752808988764
0 0.6081460674157303 0.18117977528089887 0.07303370786516854 0.10955056179775281
0 0.6699438202247191 0.16853932584269662 0.06320224719101124 0.10252808988764045
0 0.6601123595505618 0.27668539325842695 0.09831460674157304 0.08707865168539326
0 0.6952247191011236 0.33146067415730335 0.09691011235955056 0.0898876404494382
0 0.7457865168539326 0.26264044943820225 0.08146067415730338 0.10393258426966293
0 0.8370786516853933 0.3103932584269663 0.11235955056179775 0.08707865168539326
0 0.7991573033707865 0.351123595505618 0.12921348314606743 0.08426966292134831
0 0.625 0.08707865168539326 0.12219101123595505 0.06741573033707865
0 0.5365168539325843 0.05898876404494382 0.11657303370786516 0.09831460674157304
0 0.49157303370786515 0.025280898876404494 0.07443820224719101 0.042134831460674156
0 0.7219101123595506 0.04073033707865169 0.08286516853932584 0.0800561797752809
0 0.7823033707865169 0.032303370786516857 0.060393258426966294 0.06320224719101124