0 0.15870786516853932 0.33146067415730335 0.11376404494382023 0.09269662921348315
0 0.11797752808988764 0.17837078651685392 0.10955056179775281 0.09269662921348315
0 0.026685393258426966 0.1797752808988764 0.05196629213483146 0.09269662921348315
0 0.4058988764044944 0.21910112359550563 0.0997191011235955 0.0898876404494382
0 0.5365168539325843 0.25140449438202245 0.1306179775280899 0.06601123595505617
0 0.7050561797752809 0.03651685393258427 0.11095505617977527 0.07303370786516854
0 0.3539325842696629 0.273876404494382 0.11095505617977527 0.05337078651685393
0 0.3707865168539326 0.32865168539325845 0.09269662921348315 0.08146067415730338
0 0.3146067415730337 0.3806179775280899 0.10252808988764045 0.09129213483146068
0 0.28651685393258425 0.4452247191011236 0.10533707865168539 0.0702247191011236
0 0.625 0.4887640449438202 0.11095505617977527 0.060393258426966294
0 0.8061797752808989 0.5365168539325843 0.11657303370786516 0.09831460674157304
0 0.851123595505618 0.6278089887640449 0.07865168539325842 0.12219101123595505
0 0.7176966292134831 0.5941011235955056 0.0702247191011236 0.12640449438202248
0 0.5603932584269663 0.5702247191011236 0.10533707865168539 0.09410112359550561
0 0.5828651685393258 0.6151685393258427 0.10112359550561797 0.08426966292134831
0 0.6109550561797753 0.7008426966292135 0.06320224719101124 0.12921348314606743
0 0.699438202247191 0.7191011235955056 0.11797752808988764 0.07162921348314606
0 0.6811797752808989 0.6390449438202247 0.0702247191011236 0.11797752808988764
0 0.8061797752808989 0.8441011235955056 0.1306179775280899 0.07443820224719101
0 0.7162921348314607 0.8764044943820225 0.10393258426966293 0.09550561797752809
0 0.827247191011236 0.8960674157303371 0.1151685393258427 0.056179775280898875
0 0.41853932584269665 0.7401685393258427 0.11938202247191011 0.0800561797752809
0 0.10252808988764045 0.5646067415730337 0.11095505617977527 0.07584269662921349
0 0.12078651685393259 0.6193820224719101 0.10393258426966293 0.0898876404494382
0 0.20786516853932585 0.7528089887640449 0.06741573033707865 0.12078651685393259
0 0.0997191011235955 0.75 0.08567415730337079 0.10674157303370786
0 0.12359550561797752 0.7935393258426966 0.07724719101123595 0.09831460674157304
0 0.1306179775280899 0.8918539325842697 0.054775280898876406 0.11235955056179775
0 0.04073033707865169 0.7991573033707865 0.0702247191011236 0.06320224719101124
0 0.04073033707865169 0.8595505617977528 0.08146067415730338 0.08426966292134831
0 0.06741573033707865 0.9508426966292135 0.11376404494382023 0.07162921348314606
0 0.49157303370786515 0.7794943820224719 0.11376404494382023 0.06320224719101124
0 0.4957865168539326 0.8707865168539326 0.06179775280898876 0.12780898876404495
0 0.4396067415730337 0.8609550561797753 0.06882022471910113 0.10955056179775281
0 0.3792134831460674 0.8918539325842697 0.10112359550561797 0.0800561797752809
0 0.3061797752808989 0.9466292134831461 0.12780898876404495 0.04915730337078652
0 0.1699438202247191 0.9634831460674157 0.10674157303370786 0.07162921348314606
0 0.26685393258426965 0.9845505617977528 0.11657303370786516 0.03089887640449438