0 0.625 0.5014044943820225 0.060393258426966294 0.12078651685393259
0 0.7064606741573034 0.550561797752809 0.07724719101123595 0.1348314606741573
0 0.7696629213483146 0.577247191011236 0.06882022471910113 0.1151685393258427
0 0.8595505617977528 0.7794943820224719 0.09269662921348315 0.11376404494382023
0 0.9073033707865169 0.7471910112359551 0.0800561797752809 0.11797752808988764
0 0.7626404494382022 0.8820224719101124 0.09410112359550561 0.09691011235955056
0 0.8693820224719101 0.9438202247191011 0.07724719101123595 0.11095505617977527
0 0.9396067415730337 0.9634831460674157 0.07865168539325842 0.07162921348314606
0 0.7654494382022472 0.973314606741573 0.06601123595505617 0.05196629213483146
0 0.7050561797752809 0.976123595505618 0.056179775280898875 0.047752808988764044
0 0.5252808988764045 0.9030898876404494 0.10955056179775281 0.05337078651685393
0 0.4803370786516854 0.9662921348314607 0.07724719101123595 0.06741573033707865
0 0.3202247191011236 0.9058988764044944 0.12359550561797752 0.08146067415730338
0 0.4339887640449438 0.797752808988764 0.0898876404494382 0.11657303370786516
0 0.4901685393258427 0.8202247191011236 0.08146067415730338 0.1151685393258427
0 0.38764044943820225 0.7078651685393258 0.07724719101123595 0.12078651685393259
0 0.1151685393258427 0.723314606741573 0.06179775280898876 0.1306179775280899
0 0.06179775280898876 0.7050561797752809 0.056179775280898875 0.11657303370786516
0 0.04915730337078652 0.8300561797752809 0.060393258426966294 0.12640449438202248
0 0.02949438202247191 0.723314606741573 0.05196629213483146 0.11797752808988764
0 0.0449438202247191 0.5603932584269663 0.06320224719101124 0.11797752808988764
0 0.12359550561797752 0.5870786516853933 0.10955056179775281 0.06882022471910113
0 0.11797752808988764 0.4957865168539326 0.09691011235955056 0.08848314606741572
0 0.17415730337078653 0.5084269662921348 0.08286516853932584 0.09831460674157304
0 0.27668539325842695 0.5463483146067416 0.10955056179775281 0.08146067415730338
0 0.4297752808988764 0.6264044943820225 0.11938202247191011 0.07162921348314606
0 0.4508426966292135 0.6924157303370787 0.11095505617977527 0.09129213483146068
0 0.5393258426966292 0.6474719101123596 0.06179775280898876 0.12219101123595505
0 0.5294943820224719 0.5294943820224719 0.06179775280898876 0.12078651685393259
0 0.48174157303370785 0.5997191011235955 0.08286516853932584 0.11235955056179775
0 0.36797752808988765 0.5449438202247191 0.11235955056179775 0.08146067415730338
0 0.32162921348314605 0.49719101123595505 0.12640449438202248 0.06882022471910113
0 0.3356741573033708 0.43820224719101125 0.13623595505617977 0.05337078651685393
0 0.4508426966292135 0.46207865168539325 0.10955056179775281 0.09129213483146068
0 0.42837078651685395 0.5028089887640449 0.10814606741573034 0.08426966292134831
0 0.598314606741573 0.4143258426966292 0.06179775280898876 0.1306179775280899
0 0.6839887640449438 0.4396067415730337 0.10955056179775281 0.0898876404494382
0 0.5210674157303371 0.33848314606741575 0.09691011235955056 0.10393258426966293
0 0.08286516853932584 0.37359550561797755 0.11657303370786516 0.07162921348314606
0 0.08426966292134831 0.42696629213483145 0.11797752808988764 0.07724719101123595
0 0.037921348314606744 0.44662921348314605 0.06882022471910113 0.10814606741573034
0 0.025280898876404494 0.2752808988764045 0.05056179775280899 0.11095505617977527
0 0.06460674157303371 0.24297752808988765 0.08426966292134831 0.10252808988764045
0 0.0800561797752809 0.17696629213483145 0.11376404494382023 0.06741573033707865
0 0.13202247191011235 0.25280898876404495 0.06320224719101124 0.13623595505617977
0 0.17415730337078653 0.27668539325842695 0.06179775280898876 0.11376404494382023
0 0.25 0.2401685393258427 0.11235955056179775 0.08567415730337079
0 0.273876404494382 0.14747191011235955 0.056179775280898875 0.12219101123595505
0 0.3441011235955056 0.16853932584269662 0.08567415730337079 0.12219101123595505
0 0.24157303370786518 0.08146067415730338 0.060393258426966294 0.11235955056179775
0 0.18398876404494383 0.10814606741573034 0.060393258426966294 0.12078651685393259
0 0.13904494382022473 0.07724719101123595 0.06320224719101124 0.10814606741573034
0 0.09410112359550561 0.03932584269662921 0.07162921348314606 0.07865168539325842
0 0.03932584269662921 0.028089887640449437 0.05898876404494382 0.054775280898876406
0 0.375 0.04353932584269663 0.11797752808988764 0.056179775280898875
0 0.5140449438202247 0.15308988764044945 0.11376404494382023 0.08286516853932584
0 0.5351123595505618 0.20786516853932585 0.08848314606741572 0.08707865168539326
0 0.5603932584269663 0.09129213483146068 0.09410112359550561 0.10112359550561797
0 0.6474719101123596 0.13904494382022473 0.09550561797752809 0.11657303370786516
0 0.6432584269662921 0.24297752808988765 0.07443820224719101 0.11376404494382023
0 0.5926966292134831 0.25280898876404495 0.07303370786516854 0.12921348314606743
0 0.8132022471910112 0.3441011235955056 0.11797752808988764 0.06741573033707865
0 0.7780898876404494 0.26264044943820225 0.11095505617977527 0.0898876404494382
0 0.75 0.21207865168539325 0.0898876404494382 0.10252808988764045
0 0.7303370786516854 0.10955056179775281 0.10112359550561797 0.07865168539325842
0 0.8286516853932584 0.060393258426966294 0.11095505617977527 0.08707865168539326
0 0.8918539325842697 0.20786516853932585 0.12219101123595505 0.09410112359550561
0 0.9550561797752809 0.20224719101123595 0.08426966292134831 0.12780898876404495
0 0.8384831460674157 0.018258426966292134 0.11095505617977527 0.03651685393258427
0 0.9199438202247191 0.02247191011235955 0.054775280898876406 0.0449438202247191
0 0.6966292134831461 0.016853932584269662 0.09550561797752809 0.032303370786516857
0 0.6137640449438202 0.02247191011235955 0.0898876404494382 0.0449438202247191