0 0.4410112359550562 0.6980337078651685 0.09831460674157304 0.09550561797752809
0 0.46629213483146065 0.7991573033707865 0.09831460674157304 0.10674157303370786
0 0.6081460674157303 0.7134831460674157 0.09691011235955056 0.09410112359550561
0 0.6587078651685393 0.7359550561797753 0.09410112359550561 0.09269662921348315
0 0.6952247191011236 0.8019662921348315 0.12078651685393259 0.09129213483146068
0 0.8806179775280899 0.6910112359550562 0.07443820224719101 0.10252808988764045
0 0.8707865168539326 0.8117977528089888 0.060393258426966294 0.1306179775280899
0 0.9382022471910112 0.6938202247191011 0.07162921348314606 0.10814606741573034
0 0.9564606741573034 0.8188202247191011 0.07162921348314606 0.10533707865168539
0 0.976123595505618 0.5702247191011236 0.047752808988764044 0.11095505617977527
0 0.976123595505618 0.30337078651685395 0.047752808988764044 0.13342696629213482
0 0.9705056179775281 0.7485955056179775 0.05898876404494382 0.11797752808988764
0 0.8665730337078652 0.300561797752809 0.1151685393258427 0.07443820224719101
0 0.8497191011235955 0.1853932584269663 0.08567415730337079 0.08848314606741572
0 0.9269662921348315 0.24157303370786518 0.11095505617977527 0.08286516853932584
0 0.8174157303370787 0.22612359550561797 0.10533707865168539 0.0898876404494382
0 0.8904494382022472 0.09129213483146068 0.10112359550561797 0.10814606741573034
0 0.8019662921348315 0.05196629213483146 0.09129213483146068 0.10393258426966293
0 0.7092696629213483 0.10393258426966293 0.11095505617977527 0.10814606741573034
0 0.5519662921348315 0.04353932584269663 0.0997191011235955 0.08707865168539326
0 0.6306179775280899 0.2148876404494382 0.11797752808988764 0.07303370786516854
0 0.6629213483146067 0.2949438202247191 0.08286516853932584 0.12219101123595505
0 0.7612359550561798 0.4157303370786517 0.11938202247191011 0.08567415730337079
0 0.6699438202247191 0.41713483146067415 0.0702247191011236 0.09831460674157304
0 0.6867977528089888 0.5070224719101124 0.09410112359550561 0.08567415730337079
0 0.5898876404494382 0.5224719101123596 0.10252808988764045 0.06179775280898876
0 0.5786516853932584 0.5856741573033708 0.12921348314606743 0.06460674157303371
0 0.6643258426966292 0.6474719101123596 0.08567415730337079 0.11938202247191011
0 0.5702247191011236 0.6362359550561798 0.11938202247191011 0.05898876404494382
0 0.5393258426966292 0.47752808988764045 0.11657303370786516 0.07865168539325842
0 0.5842696629213483 0.44662921348314605 0.10674157303370786 0.07303370786516854
0 0.3637640449438202 0.3103932584269663 0.056179775280898875 0.11235955056179775
0 0.4058988764044944 0.5561797752808989 0.05758426966292135 0.12640449438202248
0 0.34269662921348315 0.5393258426966292 0.08707865168539326 0.0898876404494382
0 0.31741573033707865 0.5800561797752809 0.0898876404494382 0.0997191011235955
0 0.40730337078651685 0.7668539325842697 0.046348314606741575 0.1151685393258427
0 0.5758426966292135 0.8946629213483146 0.10814606741573034 0.09269662921348315
0 0.5112359550561798 0.9311797752808989 0.10112359550561797 0.08426966292134831
0 0.34831460674157305 0.7528089887640449 0.06741573033707865 0.12640449438202248
0 0.2654494382022472 0.7275280898876404 0.07303370786516854 0.11938202247191011
0 0.20084269662921347 0.7823033707865169 0.09269662921348315 0.10252808988764045
0 0.20084269662921347 0.4859550561797753 0.060393258426966294 0.12078651685393259
0 0.14325842696629212 0.4648876404494382 0.06882022471910113 0.10393258426966293
0 0.09550561797752809 0.5252808988764045 0.09691011235955056 0.0702247191011236
0 0.3258426966292135 0.2696629213483146 0.05196629213483146 0.1151685393258427
0 0.2752808988764045 0.2710674157303371 0.054775280898876406 0.11797752808988764
0 0.24859550561797752 0.35814606741573035 0.08848314606741572 0.1151685393258427
0 0.16713483146067415 0.9438202247191011 0.11235955056179775 0.07865168539325842
0 0.17275280898876405 0.726123595505618 0.11657303370786516 0.054775280898876406
0 0.15589887640449437 0.6811797752808989 0.10393258426966293 0.04915730337078652
0 0.1797752808988764 0.6179775280898876 0.11095505617977527 0.07443820224719101
0 0.14887640449438203 0.5814606741573034 0.10112359550561797 0.06320224719101124
0 0.04915730337078652 0.6362359550561798 0.08848314606741572 0.11938202247191011
0 0.023876404494382022 0.6783707865168539 0.047752808988764044 0.10814606741573034
0 0.06741573033707865 0.75 0.10674157303370786 0.08146067415730338
0 0.09550561797752809 0.7907303370786517 0.11376404494382023 0.06179775280898876
0 0.0800561797752809 0.8764044943820225 0.054775280898876406 0.10393258426966293
0 0.028089887640449437 0.8412921348314607 0.054775280898876406 0.09691011235955056
0 0.05337078651685393 0.952247191011236 0.10533707865168539 0.06179775280898876
0 0.028089887640449437 0.5014044943820225 0.056179775280898875 0.12078651685393259
0 0.02247191011235955 0.4002808988764045 0.0449438202247191 0.056179775280898875
0 0.1601123595505618 0.23314606741573032 0.09691011235955056 0.07865168539325842
0 0.175561797752809 0.31179775280898875 0.054775280898876406 0.11235955056179775
0 0.11235955056179775 0.3693820224719101 0.0898876404494382 0.08567415730337079
0 0.05196629213483146 0.3356741573033708 0.060393258426966294 0.11938202247191011
0 0.11657303370786516 0.3103932584269663 0.08146067415730338 0.08567415730337079
0 0.03651685393258427 0.2794943820224719 0.07162921348314606 0.06460674157303371
0 0.05337078651685393 0.19803370786516855 0.08286516853932584 0.09691011235955056
0 0.11235955056179775 0.20926966292134833 0.07303370786516854 0.0997191011235955
0 0.18398876404494383 0.16432584269662923 0.09410112359550561 0.06460674157303371
0 0.24578651685393257 0.20926966292134833 0.09269662921348315 0.07443820224719101
0 0.32162921348314605 0.09550561797752809 0.10674157303370786 0.08567415730337079
0 0.2247191011235955 0.12921348314606743 0.11376404494382023 0.06460674157303371
0 0.21067415730337077 0.06320224719101124 0.09410112359550561 0.07162921348314606
0 0.22752808988764045 0.02949438202247191 0.0898876404494382 0.05758426966292135
0 0.10393258426966293 0.028089887640449437 0.12078651685393259 0.054775280898876406
0 0.09691011235955056 0.09269662921348315 0.0898876404494382 0.09269662921348315
0 0.023876404494382022 0.1151685393258427 0.046348314606741575 0.06179775280898876