0 0.2893258426966292 0.5154494382022472 0.07303370786516854 0.05056179775280899
0 0.29213483146067415 0.6165730337078652 0.05758426966292135 0.047752808988764044
0 0.31320224719101125 0.7626404494382022 0.06460674157303371 0.046348314606741575
0 0.4101123595505618 0.6910112359550562 0.0702247191011236 0.046348314606741575
0 0.4747191011235955 0.6235955056179775 0.06460674157303371 0.037921348314606744
0 0.4789325842696629 0.5393258426966292 0.06460674157303371 0.054775280898876406
0 0.4410112359550562 0.48174157303370785 0.06460674157303371 0.04353932584269663
0 0.46348314606741575 0.39325842696629215 0.046348314606741575 0.06601123595505617
0 0.5912921348314607 0.25 0.05337078651685393 0.06320224719101124
0 0.577247191011236 0.3848314606741573 0.04915730337078652 0.06320224719101124
0 0.5463483146067416 0.4396067415730337 0.06460674157303371 0.0351123595505618
0 0.5449438202247191 0.6278089887640449 0.04915730337078652 0.05337078651685393
0 0.5912921348314607 0.5365168539325843 0.054775280898876406 0.060393258426966294
0 0.6643258426966292 0.5646067415730337 0.06882022471910113 0.047752808988764044
0 0.5084269662921348 0.702247191011236 0.06179775280898876 0.06179775280898876
0 0.5056179775280899 0.776685393258427 0.06741573033707865 0.037921348314606744
0 0.5603932584269663 0.7823033707865169 0.042134831460674156 0.05337078651685393