0 0.523876404494382 0.21769662921348315 0.04353932584269663 0.046348314606741575
0 0.5856741573033708 0.273876404494382 0.04353932584269663 0.04353932584269663
0 0.7036516853932584 0.25 0.04353932584269663 0.04915730337078652
0 0.6671348314606742 0.3595505617977528 0.042134831460674156 0.05056179775280899
0 0.5533707865168539 0.32865168539325845 0.033707865168539325 0.054775280898876406
0 0.4143258426966292 0.34831460674157305 0.04915730337078652 0.04915730337078652
0 0.33707865168539325 0.4396067415730337 0.037921348314606744 0.05337078651685393
0 0.24719101123595505 0.4241573033707865 0.047752808988764044 0.033707865168539325
0 0.28230337078651685 0.4691011235955056 0.046348314606741575 0.03651685393258427
0 0.3848314606741573 0.4691011235955056 0.04915730337078652 0.03651685393258427
0 0.4508426966292135 0.45365168539325845 0.0449438202247191 0.03932584269662921
0 0.5969101123595506 0.425561797752809 0.04915730337078652 0.04353932584269663
0 0.6643258426966292 0.42275280898876405 0.05056179775280899 0.037921348314606744
0 0.7752808988764045 0.48735955056179775 0.05337078651685393 0.04353932584269663
0 0.6292134831460674 0.523876404494382 0.042134831460674156 0.05056179775280899
0 0.5730337078651685 0.49859550561797755 0.0449438202247191 0.05056179775280899
0 0.5182584269662921 0.5407303370786517 0.037921348314606744 0.05337078651685393
0 0.4508426966292135 0.5449438202247191 0.047752808988764044 0.04915730337078652
0 0.36657303370786515 0.5407303370786517 0.03932584269662921 0.05056179775280899
0 0.2794943820224719 0.5351123595505618 0.05056179775280899 0.04073033707865169
0 0.34129213483146065 0.5814606741573034 0.047752808988764044 0.037921348314606744
0 0.2205056179775281 0.6165730337078652 0.04353932584269663 0.05056179775280899
0 0.2696629213483146 0.648876404494382 0.037921348314606744 0.0449438202247191
0 0.351123595505618 0.6573033707865169 0.025280898876404494 0.03651685393258427
0 0.40308988764044945 0.651685393258427 0.046348314606741575 0.03651685393258427
0 0.3693820224719101 0.6839887640449438 0.02247191011235955 0.042134831460674156
0 0.49157303370786515 0.6025280898876404 0.042134831460674156 0.032303370786516857
0 0.5491573033707865 0.5856741573033708 0.033707865168539325 0.0351123595505618
0 0.6376404494382022 0.6235955056179775 0.03089887640449438 0.04353932584269663
0 0.7345505617977528 0.577247191011236 0.032303370786516857 0.046348314606741575
0 0.7387640449438202 0.6601123595505618 0.02247191011235955 0.0449438202247191
0 0.5842696629213483 0.6601123595505618 0.037921348314606744 0.03651685393258427
0 0.5688202247191011 0.7668539325842697 0.047752808988764044 0.03089887640449438
0 0.5252808988764045 0.8328651685393258 0.042134831460674156 0.03651685393258427
0 0.41853932584269665 0.7752808988764045 0.04073033707865169 0.0351123595505618
0 0.4044943820224719 0.6980337078651685 0.026685393258426966 0.042134831460674156
0 0.33146067415730335 0.7092696629213483 0.02949438202247191 0.037921348314606744
0 0.32724719101123595 0.7893258426966292 0.03932584269662921 0.03651685393258427
0 0.28230337078651685 0.7373595505617978 0.04353932584269663 0.032303370786516857
0 0.22331460674157302 0.75 0.025280898876404494 0.03932584269662921