0 0.26685393258426965 0.18820224719101122 0.023876404494382022 0.016853932584269662
0 0.2654494382022472 0.2050561797752809 0.02247191011235955 0.018258426966292134
0 0.32724719101123595 0.20646067415730338 0.026685393258426966 0.02247191011235955
0 0.3061797752808989 0.15308988764044945 0.02949438202247191 0.01544943820224719
0 0.38202247191011235 0.10393258426966293 0.02247191011235955 0.012640449438202247
0 0.39747191011235955 0.09410112359550561 0.016853932584269662 0.018258426966292134
0 0.46629213483146065 0.10393258426966293 0.01544943820224719 0.018258426966292134
0 0.5056179775280899 0.012640449438202247 0.016853932584269662 0.012640449438202247
0 0.5379213483146067 0.02949438202247191 0.012640449438202247 0.018258426966292134
0 0.5014044943820225 0.17837078651685392 0.021067415730337078 0.014044943820224719
0 0.4550561797752809 0.18258426966292135 0.011235955056179775 0.019662921348314606
0 0.48735955056179775 0.1952247191011236 0.01544943820224719 0.019662921348314606
0 0.5674157303370787 0.18820224719101122 0.021067415730337078 0.012640449438202247
0 0.601123595505618 0.24157303370786518 0.014044943820224719 0.018258426966292134
0 0.4592696629213483 0.2443820224719101 0.016853932584269662 0.019662921348314606
0 0.577247191011236 0.31179775280898875 0.018258426966292134 0.012640449438202247
0 0.5028089887640449 0.324438202247191 0.014044943820224719 0.014044943820224719
0 0.44803370786516855 0.30758426966292135 0.018258426966292134 0.012640449438202247
0 0.4353932584269663 0.2991573033707865 0.014044943820224719 0.018258426966292134
0 0.4353932584269663 0.32162921348314605 0.01544943820224719 0.016853932584269662
0 0.5098314606741573 0.3441011235955056 0.018258426966292134 0.014044943820224719
0 0.5154494382022472 0.35674157303370785 0.019662921348314606 0.01544943820224719
0 0.5182584269662921 0.37640449438202245 0.011235955056179775 0.01544943820224719
0 0.5252808988764045 0.37780898876404495 0.014044943820224719 0.01544943820224719
0 0.5997191011235955 0.40870786516853935 0.019662921348314606 0.009831460674157303
0 0.6769662921348315 0.44241573033707865 0.016853932584269662 0.014044943820224719
0 0.7219101123595506 0.49157303370786515 0.019662921348314606 0.012640449438202247
0 0.7317415730337079 0.5421348314606742 0.019662921348314606 0.018258426966292134
0 0.7373595505617978 0.5646067415730337 0.021067415730337078 0.012640449438202247
0 0.6629213483146067 0.5632022471910112 0.014044943820224719 0.018258426966292134
0 0.6278089887640449 0.5716292134831461 0.012640449438202247 0.01544943820224719
0 0.6924157303370787 0.6460674157303371 0.016853932584269662 0.018258426966292134
0 0.6081460674157303 0.6924157303370787 0.018258426966292134 0.01544943820224719
0 0.6980337078651685 0.7359550561797753 0.021067415730337078 0.016853932584269662
0 0.7556179775280899 0.7162921348314607 0.016853932584269662 0.011235955056179775
0 0.6882022471910112 0.8061797752808989 0.019662921348314606 0.012640449438202247
0 0.6882022471910112 0.824438202247191 0.014044943820224719 0.018258426966292134
0 0.5589887640449438 0.797752808988764 0.016853932584269662 0.016853932584269662
0 0.5435393258426966 0.8356741573033708 0.016853932584269662 0.016853932584269662
0 0.49297752808988765 0.8412921348314607 0.012640449438202247 0.019662921348314606
0 0.4396067415730337 0.9101123595505618 0.019662921348314606 0.016853932584269662
0 0.42837078651685395 0.8469101123595506 0.019662921348314606 0.011235955056179775
0 0.39747191011235955 0.8525280898876404 0.023876404494382022 0.014044943820224719
0 0.4648876404494382 0.8117977528089888 0.01544943820224719 0.021067415730337078
0 0.45646067415730335 0.7991573033707865 0.016853932584269662 0.016853932584269662
0 0.41151685393258425 0.7682584269662921 0.019662921348314606 0.012640449438202247
0 0.4887640449438202 0.7837078651685393 0.019662921348314606 0.011235955056179775
0 0.47752808988764045 0.7317415730337079 0.01544943820224719 0.018258426966292134
0 0.5252808988764045 0.7078651685393258 0.01544943820224719 0.018258426966292134
0 0.324438202247191 0.9438202247191011 0.01544943820224719 0.016853932584269662
0 0.3146067415730337 0.9058988764044944 0.012640449438202247 0.018258426966292134
0 0.3146067415730337 0.8567415730337079 0.014044943820224719 0.019662921348314606
0 0.3398876404494382 0.7303370786516854 0.021067415730337078 0.014044943820224719
0 0.35814606741573035 0.6783707865168539 0.021067415730337078 0.011235955056179775
0 0.3258426966292135 0.6615168539325843 0.021067415730337078 0.018258426966292134
0 0.38764044943820225 0.6811797752808989 0.016853932584269662 0.016853932584269662
0 0.44803370786516855 0.6629213483146067 0.02247191011235955 0.012640449438202247
0 0.42275280898876405 0.6362359550561798 0.019662921348314606 0.011235955056179775
0 0.40730337078651685 0.5786516853932584 0.014044943820224719 0.021067415730337078
0 0.45365168539325845 0.6025280898876404 0.018258426966292134 0.012640449438202247
0 0.5056179775280899 0.651685393258427 0.019662921348314606 0.012640449438202247
0 0.49859550561797755 0.6109550561797753 0.009831460674157303 0.018258426966292134
0 0.5056179775280899 0.6137640449438202 0.008426966292134831 0.01544943820224719
0 0.29775280898876405 0.5337078651685393 0.021067415730337078 0.011235955056179775
0 0.3904494382022472 0.5575842696629213 0.016853932584269662 0.018258426966292134
0 0.3792134831460674 0.5196629213483146 0.021067415730337078 0.009831460674157303
0 0.38202247191011235 0.5112359550561798 0.019662921348314606 0.011235955056179775
0 0.5140449438202247 0.5688202247191011 0.011235955056179775 0.019662921348314606
0 0.5252808988764045 0.5842696629213483 0.016853932584269662 0.01544943820224719
0 0.5589887640449438 0.5547752808988764 0.019662921348314606 0.014044943820224719
0 0.5435393258426966 0.5365168539325843 0.01544943820224719 0.016853932584269662
0 0.5688202247191011 0.5308988764044944 0.016853932584269662 0.009831460674157303
0 0.5435393258426966 0.5252808988764045 0.018258426966292134 0.009831460674157303
0 0.5379213483146067 0.5182584269662921 0.016853932584269662 0.008426966292134831
0 0.526685393258427 0.4803370786516854 0.018258426966292134 0.009831460674157303
0 0.5603932584269663 0.4691011235955056 0.01544943820224719 0.01544943820224719
0 0.5926966292134831 0.5056179775280899 0.01544943820224719 0.009831460674157303
0 0.5898876404494382 0.5154494382022472 0.018258426966292134 0.008426966292134831
0 0.5561797752808989 0.5140449438202247 0.01544943820224719 0.011235955056179775
0 0.5533707865168539 0.5070224719101124 0.018258426966292134 0.011235955056179775
0 0.5647806165730337 0.4972040224719101 0.5778699691011236 0.4852971109550562 0.5775300519662921 0.4776140589887641 0.5737057247191011 0.47743629213483146 0.5581280505617978 0.49041794803370786 0.5647806165730337 0.4972040224719101
0 0.5842060912921349 0.49667865028089886 0.585302786516854 0.48252315308988764 0.5771365154494382 0.48509833848314604 0.5689705941011236 0.49419558848314604 0.5718513146067415 0.4995878693820225 0.5842060912921349 0.49667865028089886
0 0.32785291011235956 0.5848696671348315 0.3355923735955056 0.5824365266853933 0.33744337780898875 0.5802099775280899 0.331723191011236 0.5737839676966292 0.3169128426966292 0.5672147963483146 0.3106249480337079 0.5760243721910112 0.32785291011235956 0.5848696671348315
0 0.3473473075842697 0.5729284058988764 0.3415099058988764 0.5661364676966292 0.34011408005617977 0.5655211165730337 0.3237794915730337 0.5634025182584269 0.32519179073033705 0.5714789101123595 0.34113944101123594 0.5773577668539326 0.3473473075842697 0.5729284058988764
0 0.18398876404494383 0.4592696629213483 0.019662921348314606 0.012640449438202247
0 0.27668539325842695 0.35814606741573035 0.019662921348314606 0.01544943820224719
0 0.38551580617977527 0.416996518258427 0.37658045926966294 0.4051947514044944 0.3628150449438203 0.4012729536516854 0.361895011235955 0.4040583089887641 0.37288082584269666 0.42555632584269665 0.38551580617977527 0.416996518258427
0 0.3881876390449438 0.4118308764044944 0.39543092415730335 0.4066550674157303 0.39224132022471914 0.40200746067415727 0.38535383426966296 0.40024621488764045 0.37752739606741575 0.40268418398876404 0.3776774311797753 0.40818889887640447 0.3881876390449438 0.4118308764044944
0 0.3919071924157303 0.40208044803370785 0.39560466853932585 0.39573526966292133 0.3904124620786517 0.38998043960674156 0.3901897401685393 0.3892547949438202 0.3830559283707865 0.38486630758426965 0.3785889676966292 0.38758652247191017 0.3813393834269663 0.39906606601123595 0.3919071924157303 0.40208044803370785
0 0.40546462780898873 0.4148054438202247 0.4122760154494382 0.41387135393258423 0.4072154634831461 0.39826841292134835 0.3973635800561798 0.39350097612359547 0.393747661516854 0.39735918258426967 0.3938307233146067 0.4045775070224719 0.40546462780898873 0.4148054438202247
0 0.43906250421348314 0.1128398834269663 0.4271277556179775 0.10304637921348314 0.4215704859550562 0.10582656039325843 0.4238472879213483 0.11666673033707864 0.43906250421348314 0.12190154915730338 0.43906250421348314 0.1128398834269663
0 0.4325248693820225 0.09834673314606741 0.42453434269662926 0.10092126123595505 0.42955614325842695 0.10485139325842696 0.43430117696629217 0.10851765870786517 0.4345901573033708 0.1091649382022472 0.44128484269662926 0.11543552106741573 0.447375691011236 0.11070294662921348 0.44247056039325844 0.10392989606741573 0.4325248693820225 0.09834673314606741
0 0.7304922977528089 0.6123749494382023 0.7230259578651685 0.6119245617977528 0.7117603384831461 0.6264421418539327 0.7162074592696629 0.6314352415730337 0.7228022275280899 0.6271408707865168 0.7304922977528089 0.6123749494382023
0 0.706236470505618 0.6265050224719101 0.7126541544943821 0.6261547823033707 0.7206890941011236 0.6129260744382022 0.715673047752809 0.6088053665730337 0.7094483974719101 0.6130885716292135 0.7018822710674157 0.6230544957865168 0.706236470505618 0.6265050224719101
0 0.34691011235955055 0.27668539325842695 0.021067415730337078 0.018258426966292134
0 0.2696629213483146 0.2598314606741573 0.018258426966292134 0.018258426966292134