0 0.21207865168539325 0.9185393258426966 0.025280898876404494 0.021067415730337078
0 0.46348314606741575 0.6980337078651685 0.018258426966292134 0.02247191011235955
0 0.40730337078651685 0.5898876404494382 0.019662921348314606 0.02247191011235955
0 0.41713483146067415 0.5561797752808989 0.028089887640449437 0.019662921348314606
0 0.22893258426966293 0.38202247191011235 0.021067415730337078 0.026685393258426966
0 0.33707865168539325 0.30196629213483145 0.02247191011235955 0.011235955056179775
0 0.47191011235955055 0.20084269662921347 0.019662921348314606 0.01544943820224719
0 0.4297752808988764 0.3595505617977528 0.016853932584269662 0.016853932584269662
0 0.44241573033707865 0.39747191011235955 0.014044943820224719 0.019662921348314606
0 0.48735955056179775 0.449438202247191 0.021067415730337078 0.014044943820224719
0 0.526685393258427 0.4410112359550562 0.016853932584269662 0.018258426966292134
0 0.5224719101123596 0.4058988764044944 0.01544943820224719 0.009831460674157303
0 0.5294943820224719 0.37359550561797755 0.014044943820224719 0.011235955056179775
0 0.5210674157303371 0.3595505617977528 0.009831460674157303 0.016853932584269662
0 0.5856741573033708 0.3497191011235955 0.016853932584269662 0.011235955056179775
0 0.5603932584269663 0.4002808988764045 0.018258426966292134 0.01544943820224719
0 0.5 0.6432584269662921 0.016853932584269662 0.018258426966292134
0 0.5210674157303371 0.6151685393258427 0.012640449438202247 0.018258426966292134
0 0.547752808988764 0.577247191011236 0.016853932584269662 0.014044943820224719
0 0.4859550561797753 0.5786516853932584 0.016853932584269662 0.009831460674157303
0 0.4648876404494382 0.5519662921348315 0.016853932584269662 0.018258426966292134
0 0.4845505617977528 0.550561797752809 0.011235955056179775 0.018258426966292134
0 0.49157303370786515 0.5421348314606742 0.014044943820224719 0.014044943820224719
0 0.523876404494382 0.5393258426966292 0.019662921348314606 0.012640449438202247
0 0.5421348314606742 0.5491573033707865 0.014044943820224719 0.016853932584269662
0 0.5210674157303371 0.5280898876404494 0.009831460674157303 0.01544943820224719
0 0.6039325842696629 0.5365168539325843 0.012640449438202247 0.021067415730337078
0 0.5955056179775281 0.5126404494382022 0.018258426966292134 0.014044943820224719
0 0.5758426966292135 0.48314606741573035 0.011235955056179775 0.018258426966292134
0 0.5393258426966292 0.48314606741573035 0.019662921348314606 0.012640449438202247
0 0.5533707865168539 0.46769662921348315 0.018258426966292134 0.011235955056179775
0 0.550561797752809 0.45365168539325845 0.008426966292134831 0.021067415730337078
0 0.5617977528089888 0.449438202247191 0.008426966292134831 0.01544943820224719
0 0.5688202247191011 0.45646067415730335 0.008426966292134831 0.018258426966292134
0 0.7134831460674157 0.49157303370786515 0.016853932584269662 0.011235955056179775
0 0.8033707865168539 0.4901685393258427 0.021067415730337078 0.014044943820224719