0 0.21875 0.5144230769230769 0.09735576923076923 0.05048076923076923
0 0.22355769230769232 0.6177884615384616 0.078125 0.04927884615384615
0 0.2512019230769231 0.7632211538461539 0.08653846153846154 0.04807692307692308
0 0.3798076923076923 0.6911057692307693 0.09375 0.04807692307692308
0 0.4651442307692308 0.6237980769230769 0.08774038461538461 0.039663461538461536
0 0.4723557692307692 0.5396634615384616 0.08653846153846154 0.055288461538461536
0 0.4206730769230769 0.48197115384615385 0.08653846153846154 0.04447115384615385
0 0.4519230769230769 0.39302884615384615 0.0625 0.06610576923076923
0 0.6225961538461539 0.24879807692307693 0.0733173076923077 0.06370192307692307
0 0.6033653846153846 0.38461538461538464 0.06610576923076923 0.06370192307692307
0 0.5612980769230769 0.43990384615384615 0.08653846153846154 0.036057692307692304
0 0.5600961538461539 0.6274038461538461 0.0673076923076923 0.054086538461538464
0 0.6213942307692307 0.5360576923076923 0.07451923076923077 0.06009615384615385
0 0.71875 0.5649038461538461 0.09254807692307693 0.04927884615384615
0 0.5120192307692307 0.7019230769230769 0.0829326923076923 0.0625
0 0.5084134615384616 0.7764423076923077 0.09014423076923077 0.038461538461538464
0 0.5805288461538461 0.78125 0.057692307692307696 0.054086538461538464