0 0.5324519230769231 0.21875 0.06009615384615385 0.04807692307692308
0 0.6141826923076923 0.27403846153846156 0.06009615384615385 0.04326923076923077
0 0.7728365384615384 0.25 0.06009615384615385 0.04927884615384615
0 0.7235576923076923 0.3605769230769231 0.056490384615384616 0.05048076923076923
0 0.5709134615384616 0.328125 0.04567307692307692 0.055288461538461536
0 0.38461538461538464 0.3485576923076923 0.06610576923076923 0.04927884615384615
0 0.2824519230769231 0.4387019230769231 0.051682692307692304 0.054086538461538464
0 0.16346153846153846 0.42427884615384615 0.06490384615384616 0.03485576923076923
0 0.2091346153846154 0.46875 0.06370192307692307 0.037259615384615384
0 0.3473557692307692 0.46875 0.06610576923076923 0.037259615384615384
0 0.4338942307692308 0.453125 0.06009615384615385 0.039663461538461536
0 0.6298076923076923 0.4254807692307692 0.0673076923076923 0.04326923076923077
0 0.7199519230769231 0.421875 0.06850961538461539 0.038461538461538464
0 0.8665865384615384 0.4879807692307692 0.07211538461538461 0.04326923076923077
0 0.6730769230769231 0.5240384615384616 0.057692307692307696 0.05048076923076923
0 0.5961538461538461 0.4987980769230769 0.06129807692307692 0.05048076923076923
0 0.5240384615384616 0.5396634615384616 0.051682692307692304 0.054086538461538464
0 0.4338942307692308 0.5456730769230769 0.06490384615384616 0.05048076923076923
0 0.32211538461538464 0.5408653846153846 0.054086538461538464 0.051682692307692304
0 0.20673076923076922 0.5348557692307693 0.0673076923076923 0.040865384615384616
0 0.28725961538461536 0.5817307692307693 0.06490384615384616 0.038461538461538464
0 0.12740384615384615 0.6165865384615384 0.05889423076923077 0.051682692307692304
0 0.1935096153846154 0.6490384615384616 0.051682692307692304 0.04567307692307692
0 0.3016826923076923 0.6574519230769231 0.03485576923076923 0.037259615384615384
0 0.3701923076923077 0.6526442307692307 0.0625 0.037259615384615384
0 0.32572115384615385 0.6838942307692307 0.03125 0.042067307692307696
0 0.4891826923076923 0.6021634615384616 0.056490384615384616 0.03245192307692308
0 0.5661057692307693 0.5865384615384616 0.04567307692307692 0.036057692307692304
0 0.6826923076923077 0.6237980769230769 0.042067307692307696 0.04326923076923077
0 0.8125 0.5769230769230769 0.04447115384615385 0.046875
0 0.8185096153846154 0.6610576923076923 0.03125 0.046875
0 0.6117788461538461 0.6598557692307693 0.051682692307692304 0.037259615384615384
0 0.5925480769230769 0.765625 0.06370192307692307 0.03125
0 0.5324519230769231 0.8317307692307693 0.057692307692307696 0.037259615384615384
0 0.3918269230769231 0.7752403846153846 0.055288461538461536 0.036057692307692304
0 0.37259615384615385 0.6983173076923077 0.036057692307692304 0.042067307692307696
0 0.27524038461538464 0.7091346153846154 0.039663461538461536 0.038461538461538464
0 0.2704326923076923 0.7896634615384616 0.054086538461538464 0.037259615384615384
0 0.21033653846153846 0.7367788461538461 0.05889423076923077 0.03245192307692308
0 0.13221153846153846 0.75 0.03485576923076923 0.039663461538461536