0 0.3449519230769231 0.9362980769230769 0.06490384615384616 0.109375
0 0.4026442307692308 0.9483173076923077 0.057692307692307696 0.10336538461538461
0 0.5408653846153846 0.8088942307692307 0.06971153846153846 0.1346153846153846
0 0.6047007379807693 0.7729418822115384 0.5893648004807692 0.8051181009615385 0.6104211947115384 0.8824824038461538 0.6647794687499999 0.8949496225961538 0.6691981274038461 0.8486421947115385 0.664341954326923 0.8459224375 0.6375874975961539 0.7794013557692308 0.6047007379807693 0.7729418822115384
0 0.7019330384615384 0.7513065456730769 0.6661009326923076 0.7560122115384615 0.6602049182692308 0.7566786442307692 0.6573049495192307 0.7910730649038461 0.7361194134615385 0.8623021802884616 0.7708489014423077 0.8243242668269232 0.7019330384615384 0.7513065456730769
0 0.734397576923077 0.9118792932692308 0.7459628461538461 0.8715001754807693 0.6797760288461538 0.813725266826923 0.658712454326923 0.8238394711538461 0.6590464495192307 0.8293341850961539 0.6809316274038462 0.9100293822115385 0.734397576923077 0.9118792932692308
0 0.8942307692307693 0.9350961538461539 0.11538461538461539 0.051682692307692304
0 0.7139423076923077 0.9615384615384616 0.11538461538461539 0.07692307692307693
0 0.9519230769230769 0.875 0.09375 0.0625
0 0.9495192307692307 0.8245192307692307 0.10096153846153846 0.06490384615384616
0 0.9375 0.7127403846153846 0.12379807692307693 0.0889423076923077
0 0.7740384615384616 0.4362980769230769 0.08052884615384616 0.10576923076923077
0 0.8173076923076923 0.09254807692307693 0.109375 0.10697115384615384